1 1 johar_Town_A 200 80 0 0 0 0 0 137 4 0
3 1 johar_Town_B 250 90 0 0 0 0 0 253 4 0
5 8 Metro_Station 2000 200 0 0 0 0 0 367 4 0
6 2 Iqbal_Town_A 250 60 0 0 0 0 0 419 4 0
7 2 Iqbal_Town_B 300 70 0 0 0 0 0 472 4 0
9 2 Iqbal_town_C 400 100 0 0 0 0 0 580 4 0
11 3 Faisal_town_A 300 100 0 0 0 0 0 686 124 0
12 9 SUI 2500 350 0 0 0 0 0 686 181 0
13 3 Faisal_town_B 400 130 0 0 0 0 0 686 238 0
14 3 Faisal_Town_C 400 130 0 0 0 0 0 686 300 0
15 8 Bus_Station 2000 200 0 0 0 0 0 686 353 0
16 4 Model_Town_A 800 200 0 0 0 0 0 686 408 0
18 4 Model_Town_B 850 250 0 0 0 0 0 686 512 0
19 4 Model_Town_C 2000 500 0 0 0 0 0 686 571 0
21 5 Gulberg_A 1000 300 0 0 0 0 0 562 680 0
23 5 Gulberg_B 1200 350 0 0 0 0 0 456 680 0
24 5 Gulberg_C 2500 600 0 0 0 0 0 404 680 0
25 8 Orange_Train 2500 350 0 0 0 0 0 347 680 0
26 6 DHA_A 2000 500 0 0 0 0 0 290 680 0
27 6 DHA_B 2000 500 0 0 0 0 0 233 680 0
28 9 WASA 4000 400 0 0 0 0 0 175 680 0
29 6 DHA_C 2500 1000 0 0 0 0 0 114 680 0
31 7 Bahria_A 2500 800 0 0 0 0 0 0 570 0
32 7 Bahria_B 3000 900 0 0 0 0 0 0 511 0
34 7 Bahria_C 3000 1000 0 0 0 0 0 0 400 0
35 8 Train_Station 2500 350 0 0 0 0 0 0 350 0
37 9 LESCO 5000 450 0 0 0 0 0 0 235 0
39 9 PTCL 8000 500 0 0 0 0 0 0 120 0